46 000000
48 0000010000
80 00000100010
90 00000100011
120 000001001
39 00000101
84 0000011
10 000010
73 000011000
79 0000110010
77 0000110011
113 00001101000
71 00001101001
69 00001101010
33 00001101011
67 0000110110
45 0000110111
89 0000111000
40 000011100100
41 0000111001010
50 0000111001011
82 00001110011
87 000011101
58 0000111100
59 0000111101
34 000011111
115 0001
101 001
105 0100
110 0101
117 01100
103 011010
112 011011
97 0111
100 10000
107 1000100
118 1000101
119 100011
111 1001
116 1010
44 101100
99 101101
108 10111
66 1100000000
76 11000000010
64 11000000011000000
53 11000000011000001000
124 11000000011000001001
42 11000000011000001010
43 11000000011000001011
81 11000000011000001100
126 11000000011000001101
54 110000000110000011100
55 110000000110000011101
38 11000000011000001111
95 1100000001100001
51 11000000011000100000
52 11000000011000100001
57 110000000110001000100
85 110000000110001000101
56 110000000110001000110
88 1100000001100010001110
91 11000000011000100011110
61 110000000110001000111110
93 110000000110001000111111
47 1100000001100010010
49 1100000001100010011
94 11000000011000101
123 11000000011000110000
74 11000000011000110001
35 1100000001100011001000
36 1100000001100011001001
37 1100000001100011001010
60 1100000001100011001011
92 1100000001100011001100
125 1100000001100011001101
86 110000000110001100111
62 110000000110001101
96 11000000011000111
75 11000000011001
72 1100000001101
68 1100000001110
106 1100000001111
70 1100000010
83 11000000110
78 11000000111
122 1100000100
63 1100000101
65 110000011
98 1100001
102 110001
109 110010
121 110011
104 11010
114 11011
32 111
