101 000
115 0010
104 0011
105 0100
110 0101
79 01100000000
81 01100000001
69 01100000010
49 0110000001100
85 0110000001101
74 011000000111
33 0110000010
113 0110000011
45 01100001
107 0110001
112 011001
118 0110100
80 01101010000
89 01101010001
71 01101010010
75 01101010011
84 011010101
87 0110101100
63 0110101101
67 01101011100
70 01101011101
122 011010111100
52 011010111101000
53 011010111101001
51 011010111101010
50 011010111101011
58 0110101111011
68 01101011111
121 011011
111 0111
97 1000
108 10010
44 100110
103 100111
102 101000
46 1010010
65 1010011000
66 1010011001
120 1010011010
72 1010011011
76 101001110000
95 1010011100010000
57 1010011100010001
47 101001110001001
56 1010011100010100
54 1010011100010101
48 101001110001011
41 1010011100011
82 101001110010
40 1010011100110
86 10100111001110
42 101001110011110
55 1010011100111110
64 101001110011111100
36 1010011100111111010
90 1010011100111111011
60 10100111001111111000
35 10100111001111111001
123 101001110011111110100000
124 101001110011111110100001
125 101001110011111110100010
38 1010011100111111101000110
43 1010011100111111101000111
61 1010011100111111101001000
92 1010011100111111101001001
126 1010011100111111101001010
94 1010011100111111101001011
96 10100111001111111010011
37 101001110011111110101
62 10100111001111111011
88 1010011100111111110
93 10100111001111111110
91 10100111001111111111
83 1010011101
59 1010011110
106 10100111110
78 10100111111
119 101010
99 101011
116 1011
100 11000
109 110010
10 110011
117 110100
98 1101010
39 11010110
77 1101011100
34 1101011101
73 110101111
114 11011
32 111
