111 0000
108 0001
10 001
101 010
102 011000
107 0110010
120 01100110
113 011001110
46 01100111100000
67 011001111000010
66 011001111000011
62 0110011110001
65 01100111100100
64 01100111100101
94 01100111100110
47 0110011110011100
71 011001111001110100000
73 0110011110011101000010
51 01100111100111010000110
40 011001111001110100001110
74 0110011110011101000011110
75 01100111100111010000111110
52 011001111001110100001111110
76 0110011110011101000011111110
77 01100111100111010000111111110
53 011001111001110100001111111110
41 0110011110011101000011111111110
35 01100111100111010000111111111110
34 011001111001110100001111111111110
57 011001111001110100001111111111111000000
85 011001111001110100001111111111111000001
82 01100111100111010000111111111111100001
80 0110011110011101000011111111111110001
96 011001111001110100001111111111111001
54 011001111001110100001111111111111010
79 011001111001110100001111111111111011
37 01100111100111010000111111111111110000000000
45 01100111100111010000111111111111110000000001
123 0110011110011101000011111111111111000000001
90 011001111001110100001111111111111100000001
88 01100111100111010000111111111111110000001
61 01100111100111010000111111111111110000010000
93 01100111100111010000111111111111110000010001
92 0110011110011101000011111111111111000001001
126 01100111100111010000111111111111110000010100
125 01100111100111010000111111111111110000010101
32 011001111001110100001111111111111100000101100
33 011001111001110100001111111111111100000101101
124 01100111100111010000111111111111110000010111
60 0110011110011101000011111111111111000001100
91 0110011110011101000011111111111111000001101
44 011001111001110100001111111111111100000111
84 011001111001110100001111111111111100001
58 01100111100111010000111111111111110001000
87 01100111100111010000111111111111110001001
59 011001111001110100001111111111111100010100
89 011001111001110100001111111111111100010101
86 01100111100111010000111111111111110001011
36 0110011110011101000011111111111111000110
43 0110011110011101000011111111111111000111
56 011001111001110100001111111111111100100
83 011001111001110100001111111111111100101
42 01100111100111010000111111111111110011
95 011001111001110100001111111111111101
55 0110011110011101000011111111111111100
81 0110011110011101000011111111111111101
78 011001111001110100001111111111111111
38 01100111100111010001
49 0110011110011101001
68 011001111001110101
70 011001111001110110000
72 0110011110011101100010
50 0110011110011101100011
39 01100111100111011001
69 0110011110011101101
48 011001111001110111
63 011001111001111
122 01100111101
106 0110011111
103 01101
116 0111
117 10000
121 100010
104 100011
97 1001
110 1010
114 1011
99 11000
98 110010
119 1100110
118 1100111
105 1101
115 1110
100 11110
109 111110
112 111111
