101 000
105 0010
115 0011
110 0100
71 01010000
39 0101000100
89 0101000101
76 010100011
118 0101001
109 010101
10 01011
108 01100
102 011010
67 01101100
83 01101101
72 0110111000
33 01101110010
94 0110111001100
96 01101110011010
62 011011100110110
51 011011100110111000
120 0110111001101110010
123 01101110011011100110
61 011011100110111001110
93 011011100110111001111
38 01101110011011101
48 0110111001101111000
49 0110111001101111001
56 011011100110111101000
54 011011100110111101001
35 01101110011011110101
53 01101110011011110110
124 01101110011011110111
88 01101110011011111000
92 0110111001101111100100
125 0110111001101111100101
34 01101110011011111001100
36 01101110011011111001101
37 01101110011011111001110
60 01101110011011111001111
70 0110111001101111101
64 0110111001101111110
47 01101110011011111110
40 011011100110111111110000
41 011011100110111111110001
74 01101110011011111111001
42 01101110011011111111010000
43 01101110011011111111010001
126 0110111001101111111101001
122 011011100110111111110101
50 01101110011011111111011
57 0110111001101111111110000
90 011011100110111111111000100
91 011011100110111111111000101
86 01101110011011111111100011
55 0110111001101111111110010
81 0110111001101111111110011
52 011011100110111111111010
75 011011100110111111111011
95 0110111001101111111111
113 011011100111
68 01101110100
106 01101110101
66 0110111011
87 011011110
85 011011111
111 0111
117 10000
44 100010
98 1000110
46 1000111
116 1001
97 1010
100 10110
84 10111000
45 101110010
58 101110011
103 1011101
121 101111
112 1100000
65 11000010
69 110000110
59 110000111
119 110001
114 11001
99 110100
73 11010100
78 110101010
77 1101010110
82 1101010111
79 110101100
107 110101101
63 110101110
80 110101111
104 11011
32 111
